   1   0.00000   0.00000   0.00000   0.00000   0.00000   0.00000
   1   1.42765   1.42765   1.42765   0.00000   0.00000   0.00000
   1   0.00000   0.00000   2.85530   0.00000   0.00000   0.00000
   1   1.42765   1.42765   4.28295   0.00000   0.00000   0.00000
   1   0.00000   0.00000   5.71060   0.00000   0.00000   0.00000
   1   1.42765   1.42765   7.13825   0.00000   0.00000   0.00000
   1   0.00000   0.00000   8.56590   0.00000   0.00000   0.00000
   1   1.42765   1.42765   9.99355   0.00000   0.00000   0.00000
   1   0.00000   0.00000  11.42120   0.00000   0.00000   0.00000
   1   1.42765   1.42765  12.84885   0.00000   0.00000   0.00000
   1   0.00000   0.00000  14.27650   0.00000   0.00000   0.00000
   1   1.42765   1.42765  15.70415   0.00000   0.00000   0.00000
   1   0.00000   0.00000  17.13180   0.00000   0.00000   0.00000
   1   1.42765   1.42765  18.55945   0.00000   0.00000   0.00000
   1   0.00000   0.00000  19.98710   0.00000   0.00000   0.00000
   1   1.42765   1.42765  21.41475   0.00000   0.00000   0.00000
   1   0.00000   2.85530   0.00000   0.00000   0.00000   0.00000
   1   1.42765   4.28295   1.42765   0.00000   0.00000   0.00000
   1   0.00000   2.85530   2.85530   0.00000   0.00000   0.00000
   1   1.42765   4.28295   4.28295   0.00000   0.00000   0.00000
   1   0.00000   2.85530   5.71060   0.00000   0.00000   0.00000
   1   1.42765   4.28295   7.13825   0.00000   0.00000   0.00000
   1   0.00000   2.85530   8.56590   0.00000   0.00000   0.00000
   1   1.42765   4.28295   9.99355   0.00000   0.00000   0.00000
   1   0.00000   2.85530  11.42120   0.00000   0.00000   0.00000
   1   1.42765   4.28295  12.84885   0.00000   0.00000   0.00000
   1   0.00000   2.85530  14.27650   0.00000   0.00000   0.00000
   1   1.42765   4.28295  15.70415   0.00000   0.00000   0.00000
   1   0.00000   2.85530  17.13180   0.00000   0.00000   0.00000
   1   1.42765   4.28295  18.55945   0.00000   0.00000   0.00000
   1   0.00000   2.85530  19.98710   0.00000   0.00000   0.00000
   1   1.42765   4.28295  21.41475   0.00000   0.00000   0.00000
   1   0.00000   5.71060   0.00000   0.00000   0.00000   0.00000
   1   1.42765   7.13825   1.42765   0.00000   0.00000   0.00000
   1   0.00000   5.71060   2.85530   0.00000   0.00000   0.00000
   1   1.42765   7.13825   4.28295   0.00000   0.00000   0.00000
   1   0.00000   5.71060   5.71060   0.00000   0.00000   0.00000
   1   1.42765   7.13825   7.13825   0.00000   0.00000   0.00000
   1   0.00000   5.71060   8.56590   0.00000   0.00000   0.00000
   1   1.42765   7.13825   9.99355   0.00000   0.00000   0.00000
   1   0.00000   5.71060  11.42120   0.00000   0.00000   0.00000
   1   1.42765   7.13825  12.84885   0.00000   0.00000   0.00000
   1   0.00000   5.71060  14.27650   0.00000   0.00000   0.00000
   1   1.42765   7.13825  15.70415   0.00000   0.00000   0.00000
   1   0.00000   5.71060  17.13180   0.00000   0.00000   0.00000
   1   1.42765   7.13825  18.55945   0.00000   0.00000   0.00000
   1   0.00000   5.71060  19.98710   0.00000   0.00000   0.00000
   1   1.42765   7.13825  21.41475   0.00000   0.00000   0.00000
   1   0.00000   8.56590   0.00000   0.00000   0.00000   0.00000
   1   1.42765   9.99355   1.42765   0.00000   0.00000   0.00000
   1   0.00000   8.56590   2.85530   0.00000   0.00000   0.00000
   1   1.42765   9.99355   4.28295   0.00000   0.00000   0.00000
   1   0.00000   8.56590   5.71060   0.00000   0.00000   0.00000
   1   1.42765   9.99355   7.13825   0.00000   0.00000   0.00000
   1   0.00000   8.56590   8.56590   0.00000   0.00000   0.00000
   1   1.42765   9.99355   9.99355   0.00000   0.00000   0.00000
   1   0.00000   8.56590  11.42120   0.00000   0.00000   0.00000
   1   1.42765   9.99355  12.84885   0.00000   0.00000   0.00000
   1   0.00000   8.56590  14.27650   0.00000   0.00000   0.00000
   1   1.42765   9.99355  15.70415   0.00000   0.00000   0.00000
   1   0.00000   8.56590  17.13180   0.00000   0.00000   0.00000
   1   1.42765   9.99355  18.55945   0.00000   0.00000   0.00000
   1   0.00000   8.56590  19.98710   0.00000   0.00000   0.00000
   1   1.42765   9.99355  21.41475   0.00000   0.00000   0.00000
   1   0.00000  11.42120   0.00000   0.00000   0.00000   0.00000
   1   1.42765  12.84885   1.42765   0.00000   0.00000   0.00000
   1   0.00000  11.42120   2.85530   0.00000   0.00000   0.00000
   1   1.42765  12.84885   4.28295   0.00000   0.00000   0.00000
   1   0.00000  11.42120   5.71060   0.00000   0.00000   0.00000
   1   1.42765  12.84885   7.13825   0.00000   0.00000   0.00000
   1   0.00000  11.42120   8.56590   0.00000   0.00000   0.00000
   1   1.42765  12.84885   9.99355   0.00000   0.00000   0.00000
   1   0.00000  11.42120  11.42120   0.00000   0.00000   0.00000
   1   1.42765  12.84885  12.84885   0.00000   0.00000   0.00000
   1   0.00000  11.42120  14.27650   0.00000   0.00000   0.00000
   1   1.42765  12.84885  15.70415   0.00000   0.00000   0.00000
   1   0.00000  11.42120  17.13180   0.00000   0.00000   0.00000
   1   1.42765  12.84885  18.55945   0.00000   0.00000   0.00000
   1   0.00000  11.42120  19.98710   0.00000   0.00000   0.00000
   1   1.42765  12.84885  21.41475   0.00000   0.00000   0.00000
   1   0.00000  14.27650   0.00000   0.00000   0.00000   0.00000
   1   1.42765  15.70415   1.42765   0.00000   0.00000   0.00000
   1   0.00000  14.27650   2.85530   0.00000   0.00000   0.00000
   1   1.42765  15.70415   4.28295   0.00000   0.00000   0.00000
   1   0.00000  14.27650   5.71060   0.00000   0.00000   0.00000
   1   1.42765  15.70415   7.13825   0.00000   0.00000   0.00000
   1   0.00000  14.27650   8.56590   0.00000   0.00000   0.00000
   1   1.42765  15.70415   9.99355   0.00000   0.00000   0.00000
   1   0.00000  14.27650  11.42120   0.00000   0.00000   0.00000
   1   1.42765  15.70415  12.84885   0.00000   0.00000   0.00000
   1   0.00000  14.27650  14.27650   0.00000   0.00000   0.00000
   1   1.42765  15.70415  15.70415   0.00000   0.00000   0.00000
   1   0.00000  14.27650  17.13180   0.00000   0.00000   0.00000
   1   1.42765  15.70415  18.55945   0.00000   0.00000   0.00000
   1   0.00000  14.27650  19.98710   0.00000   0.00000   0.00000
   1   1.42765  15.70415  21.41475   0.00000   0.00000   0.00000
   1   0.00000  17.13180   0.00000   0.00000   0.00000   0.00000
   1   1.42765  18.55945   1.42765   0.00000   0.00000   0.00000
   1   0.00000  17.13180   2.85530   0.00000   0.00000   0.00000
   1   1.42765  18.55945   4.28295   0.00000   0.00000   0.00000
   1   0.00000  17.13180   5.71060   0.00000   0.00000   0.00000
   1   1.42765  18.55945   7.13825   0.00000   0.00000   0.00000
   1   0.00000  17.13180   8.56590   0.00000   0.00000   0.00000
   1   1.42765  18.55945   9.99355   0.00000   0.00000   0.00000
   1   0.00000  17.13180  11.42120   0.00000   0.00000   0.00000
   1   1.42765  18.55945  12.84885   0.00000   0.00000   0.00000
   1   0.00000  17.13180  14.27650   0.00000   0.00000   0.00000
   1   1.42765  18.55945  15.70415   0.00000   0.00000   0.00000
   1   0.00000  17.13180  17.13180   0.00000   0.00000   0.00000
   1   1.42765  18.55945  18.55945   0.00000   0.00000   0.00000
   1   0.00000  17.13180  19.98710   0.00000   0.00000   0.00000
   1   1.42765  18.55945  21.41475   0.00000   0.00000   0.00000
   1   0.00000  19.98710   0.00000   0.00000   0.00000   0.00000
   1   1.42765  21.41475   1.42765   0.00000   0.00000   0.00000
   1   0.00000  19.98710   2.85530   0.00000   0.00000   0.00000
   1   1.42765  21.41475   4.28295   0.00000   0.00000   0.00000
   1   0.00000  19.98710   5.71060   0.00000   0.00000   0.00000
   1   1.42765  21.41475   7.13825   0.00000   0.00000   0.00000
   1   0.00000  19.98710   8.56590   0.00000   0.00000   0.00000
   1   1.42765  21.41475   9.99355   0.00000   0.00000   0.00000
   1   0.00000  19.98710  11.42120   0.00000   0.00000   0.00000
   1   1.42765  21.41475  12.84885   0.00000   0.00000   0.00000
   1   0.00000  19.98710  14.27650   0.00000   0.00000   0.00000
   1   1.42765  21.41475  15.70415   0.00000   0.00000   0.00000
   1   0.00000  19.98710  17.13180   0.00000   0.00000   0.00000
   1   1.42765  21.41475  18.55945   0.00000   0.00000   0.00000
   1   0.00000  19.98710  19.98710   0.00000   0.00000   0.00000
   1   1.42765  21.41475  21.41475   0.00000   0.00000   0.00000
   1   2.85530   0.00000   0.00000   0.00000   0.00000   0.00000
   1   4.28295   1.42765   1.42765   0.00000   0.00000   0.00000
   1   2.85530   0.00000   2.85530   0.00000   0.00000   0.00000
   1   4.28295   1.42765   4.28295   0.00000   0.00000   0.00000
   1   2.85530   0.00000   5.71060   0.00000   0.00000   0.00000
   1   4.28295   1.42765   7.13825   0.00000   0.00000   0.00000
   1   2.85530   0.00000   8.56590   0.00000   0.00000   0.00000
   1   4.28295   1.42765   9.99355   0.00000   0.00000   0.00000
   1   2.85530   0.00000  11.42120   0.00000   0.00000   0.00000
   1   4.28295   1.42765  12.84885   0.00000   0.00000   0.00000
   1   2.85530   0.00000  14.27650   0.00000   0.00000   0.00000
   1   4.28295   1.42765  15.70415   0.00000   0.00000   0.00000
   1   2.85530   0.00000  17.13180   0.00000   0.00000   0.00000
   1   4.28295   1.42765  18.55945   0.00000   0.00000   0.00000
   1   2.85530   0.00000  19.98710   0.00000   0.00000   0.00000
   1   4.28295   1.42765  21.41475   0.00000   0.00000   0.00000
   1   2.85530   2.85530   0.00000   0.00000   0.00000   0.00000
   1   4.28295   4.28295   1.42765   0.00000   0.00000   0.00000
   1   2.85530   2.85530   2.85530   0.00000   0.00000   0.00000
   1   4.28295   4.28295   4.28295   0.00000   0.00000   0.00000
   1   2.85530   2.85530   5.71060   0.00000   0.00000   0.00000
   1   4.28295   4.28295   7.13825   0.00000   0.00000   0.00000
   1   2.85530   2.85530   8.56590   0.00000   0.00000   0.00000
   1   4.28295   4.28295   9.99355   0.00000   0.00000   0.00000
   1   2.85530   2.85530  11.42120   0.00000   0.00000   0.00000
   1   4.28295   4.28295  12.84885   0.00000   0.00000   0.00000
   1   2.85530   2.85530  14.27650   0.00000   0.00000   0.00000
   1   4.28295   4.28295  15.70415   0.00000   0.00000   0.00000
   1   2.85530   2.85530  17.13180   0.00000   0.00000   0.00000
   1   4.28295   4.28295  18.55945   0.00000   0.00000   0.00000
   1   2.85530   2.85530  19.98710   0.00000   0.00000   0.00000
   1   4.28295   4.28295  21.41475   0.00000   0.00000   0.00000
   1   2.85530   5.71060   0.00000   0.00000   0.00000   0.00000
   1   4.28295   7.13825   1.42765   0.00000   0.00000   0.00000
   1   2.85530   5.71060   2.85530   0.00000   0.00000   0.00000
   1   4.28295   7.13825   4.28295   0.00000   0.00000   0.00000
   1   2.85530   5.71060   5.71060   0.00000   0.00000   0.00000
   1   4.28295   7.13825   7.13825   0.00000   0.00000   0.00000
   1   2.85530   5.71060   8.56590   0.00000   0.00000   0.00000
   1   4.28295   7.13825   9.99355   0.00000   0.00000   0.00000
   1   2.85530   5.71060  11.42120   0.00000   0.00000   0.00000
   1   4.28295   7.13825  12.84885   0.00000   0.00000   0.00000
   1   2.85530   5.71060  14.27650   0.00000   0.00000   0.00000
   1   4.28295   7.13825  15.70415   0.00000   0.00000   0.00000
   1   2.85530   5.71060  17.13180   0.00000   0.00000   0.00000
   1   4.28295   7.13825  18.55945   0.00000   0.00000   0.00000
   1   2.85530   5.71060  19.98710   0.00000   0.00000   0.00000
   1   4.28295   7.13825  21.41475   0.00000   0.00000   0.00000
   1   2.85530   8.56590   0.00000   0.00000   0.00000   0.00000
   1   4.28295   9.99355   1.42765   0.00000   0.00000   0.00000
   1   2.85530   8.56590   2.85530   0.00000   0.00000   0.00000
   1   4.28295   9.99355   4.28295   0.00000   0.00000   0.00000
   1   2.85530   8.56590   5.71060   0.00000   0.00000   0.00000
   1   4.28295   9.99355   7.13825   0.00000   0.00000   0.00000
   1   2.85530   8.56590   8.56590   0.00000   0.00000   0.00000
   1   4.28295   9.99355   9.99355   0.00000   0.00000   0.00000
   1   2.85530   8.56590  11.42120   0.00000   0.00000   0.00000
   1   4.28295   9.99355  12.84885   0.00000   0.00000   0.00000
   1   2.85530   8.56590  14.27650   0.00000   0.00000   0.00000
   1   4.28295   9.99355  15.70415   0.00000   0.00000   0.00000
   1   2.85530   8.56590  17.13180   0.00000   0.00000   0.00000
   1   4.28295   9.99355  18.55945   0.00000   0.00000   0.00000
   1   2.85530   8.56590  19.98710   0.00000   0.00000   0.00000
   1   4.28295   9.99355  21.41475   0.00000   0.00000   0.00000
   1   2.85530  11.42120   0.00000   0.00000   0.00000   0.00000
   1   4.28295  12.84885   1.42765   0.00000   0.00000   0.00000
   1   2.85530  11.42120   2.85530   0.00000   0.00000   0.00000
   1   4.28295  12.84885   4.28295   0.00000   0.00000   0.00000
   1   2.85530  11.42120   5.71060   0.00000   0.00000   0.00000
   1   4.28295  12.84885   7.13825   0.00000   0.00000   0.00000
   1   2.85530  11.42120   8.56590   0.00000   0.00000   0.00000
   1   4.28295  12.84885   9.99355   0.00000   0.00000   0.00000
   1   2.85530  11.42120  11.42120   0.00000   0.00000   0.00000
   1   4.28295  12.84885  12.84885   0.00000   0.00000   0.00000
   1   2.85530  11.42120  14.27650   0.00000   0.00000   0.00000
   1   4.28295  12.84885  15.70415   0.00000   0.00000   0.00000
   1   2.85530  11.42120  17.13180   0.00000   0.00000   0.00000
   1   4.28295  12.84885  18.55945   0.00000   0.00000   0.00000
   1   2.85530  11.42120  19.98710   0.00000   0.00000   0.00000
   1   4.28295  12.84885  21.41475   0.00000   0.00000   0.00000
   1   2.85530  14.27650   0.00000   0.00000   0.00000   0.00000
   1   4.28295  15.70415   1.42765   0.00000   0.00000   0.00000
   1   2.85530  14.27650   2.85530   0.00000   0.00000   0.00000
   1   4.28295  15.70415   4.28295   0.00000   0.00000   0.00000
   1   2.85530  14.27650   5.71060   0.00000   0.00000   0.00000
   1   4.28295  15.70415   7.13825   0.00000   0.00000   0.00000
   1   2.85530  14.27650   8.56590   0.00000   0.00000   0.00000
   1   4.28295  15.70415   9.99355   0.00000   0.00000   0.00000
   1   2.85530  14.27650  11.42120   0.00000   0.00000   0.00000
   1   4.28295  15.70415  12.84885   0.00000   0.00000   0.00000
   1   2.85530  14.27650  14.27650   0.00000   0.00000   0.00000
   1   4.28295  15.70415  15.70415   0.00000   0.00000   0.00000
   1   2.85530  14.27650  17.13180   0.00000   0.00000   0.00000
   1   4.28295  15.70415  18.55945   0.00000   0.00000   0.00000
   1   2.85530  14.27650  19.98710   0.00000   0.00000   0.00000
   1   4.28295  15.70415  21.41475   0.00000   0.00000   0.00000
   1   2.85530  17.13180   0.00000   0.00000   0.00000   0.00000
   1   4.28295  18.55945   1.42765   0.00000   0.00000   0.00000
   1   2.85530  17.13180   2.85530   0.00000   0.00000   0.00000
   1   4.28295  18.55945   4.28295   0.00000   0.00000   0.00000
   1   2.85530  17.13180   5.71060   0.00000   0.00000   0.00000
   1   4.28295  18.55945   7.13825   0.00000   0.00000   0.00000
   1   2.85530  17.13180   8.56590   0.00000   0.00000   0.00000
   1   4.28295  18.55945   9.99355   0.00000   0.00000   0.00000
   1   2.85530  17.13180  11.42120   0.00000   0.00000   0.00000
   1   4.28295  18.55945  12.84885   0.00000   0.00000   0.00000
   1   2.85530  17.13180  14.27650   0.00000   0.00000   0.00000
   1   4.28295  18.55945  15.70415   0.00000   0.00000   0.00000
   1   2.85530  17.13180  17.13180   0.00000   0.00000   0.00000
   1   4.28295  18.55945  18.55945   0.00000   0.00000   0.00000
   1   2.85530  17.13180  19.98710   0.00000   0.00000   0.00000
   1   4.28295  18.55945  21.41475   0.00000   0.00000   0.00000
   1   2.85530  19.98710   0.00000   0.00000   0.00000   0.00000
   1   4.28295  21.41475   1.42765   0.00000   0.00000   0.00000
   1   2.85530  19.98710   2.85530   0.00000   0.00000   0.00000
   1   4.28295  21.41475   4.28295   0.00000   0.00000   0.00000
   1   2.85530  19.98710   5.71060   0.00000   0.00000   0.00000
   1   4.28295  21.41475   7.13825   0.00000   0.00000   0.00000
   1   2.85530  19.98710   8.56590   0.00000   0.00000   0.00000
   1   4.28295  21.41475   9.99355   0.00000   0.00000   0.00000
   1   2.85530  19.98710  11.42120   0.00000   0.00000   0.00000
   1   4.28295  21.41475  12.84885   0.00000   0.00000   0.00000
   1   2.85530  19.98710  14.27650   0.00000   0.00000   0.00000
   1   4.28295  21.41475  15.70415   0.00000   0.00000   0.00000
   1   2.85530  19.98710  17.13180   0.00000   0.00000   0.00000
   1   4.28295  21.41475  18.55945   0.00000   0.00000   0.00000
   1   2.85530  19.98710  19.98710   0.00000   0.00000   0.00000
   1   4.28295  21.41475  21.41475   0.00000   0.00000   0.00000
   1   5.71060   0.00000   0.00000   0.00000   0.00000   0.00000
   1   7.13825   1.42765   1.42765   0.00000   0.00000   0.00000
   1   5.71060   0.00000   2.85530   0.00000   0.00000   0.00000
   1   7.13825   1.42765   4.28295   0.00000   0.00000   0.00000
   1   5.71060   0.00000   5.71060   0.00000   0.00000   0.00000
   1   7.13825   1.42765   7.13825   0.00000   0.00000   0.00000
   1   5.71060   0.00000   8.56590   0.00000   0.00000   0.00000
   1   7.13825   1.42765   9.99355   0.00000   0.00000   0.00000
   1   5.71060   0.00000  11.42120   0.00000   0.00000   0.00000
   1   7.13825   1.42765  12.84885   0.00000   0.00000   0.00000
   1   5.71060   0.00000  14.27650   0.00000   0.00000   0.00000
   1   7.13825   1.42765  15.70415   0.00000   0.00000   0.00000
   1   5.71060   0.00000  17.13180   0.00000   0.00000   0.00000
   1   7.13825   1.42765  18.55945   0.00000   0.00000   0.00000
   1   5.71060   0.00000  19.98710   0.00000   0.00000   0.00000
   1   7.13825   1.42765  21.41475   0.00000   0.00000   0.00000
   1   5.71060   2.85530   0.00000   0.00000   0.00000   0.00000
   1   7.13825   4.28295   1.42765   0.00000   0.00000   0.00000
   1   5.71060   2.85530   2.85530   0.00000   0.00000   0.00000
   1   7.13825   4.28295   4.28295   0.00000   0.00000   0.00000
   1   5.71060   2.85530   5.71060   0.00000   0.00000   0.00000
   1   7.13825   4.28295   7.13825   0.00000   0.00000   0.00000
   1   5.71060   2.85530   8.56590   0.00000   0.00000   0.00000
   1   7.13825   4.28295   9.99355   0.00000   0.00000   0.00000
   1   5.71060   2.85530  11.42120   0.00000   0.00000   0.00000
   1   7.13825   4.28295  12.84885   0.00000   0.00000   0.00000
   1   5.71060   2.85530  14.27650   0.00000   0.00000   0.00000
   1   7.13825   4.28295  15.70415   0.00000   0.00000   0.00000
   1   5.71060   2.85530  17.13180   0.00000   0.00000   0.00000
   1   7.13825   4.28295  18.55945   0.00000   0.00000   0.00000
   1   5.71060   2.85530  19.98710   0.00000   0.00000   0.00000
   1   7.13825   4.28295  21.41475   0.00000   0.00000   0.00000
   1   5.71060   5.71060   0.00000   0.00000   0.00000   0.00000
   1   7.13825   7.13825   1.42765   0.00000   0.00000   0.00000
   1   5.71060   5.71060   2.85530   0.00000   0.00000   0.00000
   1   7.13825   7.13825   4.28295   0.00000   0.00000   0.00000
   1   5.71060   5.71060   5.71060   0.00000   0.00000   0.00000
   1   7.13825   7.13825   7.13825   0.00000   0.00000   0.00000
   1   5.71060   5.71060   8.56590   0.00000   0.00000   0.00000
   1   7.13825   7.13825   9.99355   0.00000   0.00000   0.00000
   1   5.71060   5.71060  11.42120   0.00000   0.00000   0.00000
   1   7.13825   7.13825  12.84885   0.00000   0.00000   0.00000
   1   5.71060   5.71060  14.27650   0.00000   0.00000   0.00000
   1   7.13825   7.13825  15.70415   0.00000   0.00000   0.00000
   1   5.71060   5.71060  17.13180   0.00000   0.00000   0.00000
   1   7.13825   7.13825  18.55945   0.00000   0.00000   0.00000
   1   5.71060   5.71060  19.98710   0.00000   0.00000   0.00000
   1   7.13825   7.13825  21.41475   0.00000   0.00000   0.00000
   1   5.71060   8.56590   0.00000   0.00000   0.00000   0.00000
   1   7.13825   9.99355   1.42765   0.00000   0.00000   0.00000
   1   5.71060   8.56590   2.85530   0.00000   0.00000   0.00000
   1   7.13825   9.99355   4.28295   0.00000   0.00000   0.00000
   1   5.71060   8.56590   5.71060   0.00000   0.00000   0.00000
   1   7.13825   9.99355   7.13825   0.00000   0.00000   0.00000
   1   5.71060   8.56590   8.56590   0.00000   0.00000   0.00000
   1   7.13825   9.99355   9.99355   0.00000   0.00000   0.00000
   1   5.71060   8.56590  11.42120   0.00000   0.00000   0.00000
   1   7.13825   9.99355  12.84885   0.00000   0.00000   0.00000
   1   5.71060   8.56590  14.27650   0.00000   0.00000   0.00000
   1   7.13825   9.99355  15.70415   0.00000   0.00000   0.00000
   1   5.71060   8.56590  17.13180   0.00000   0.00000   0.00000
   1   7.13825   9.99355  18.55945   0.00000   0.00000   0.00000
   1   5.71060   8.56590  19.98710   0.00000   0.00000   0.00000
   1   7.13825   9.99355  21.41475   0.00000   0.00000   0.00000
   1   5.71060  11.42120   0.00000   0.00000   0.00000   0.00000
   1   7.13825  12.84885   1.42765   0.00000   0.00000   0.00000
   1   5.71060  11.42120   2.85530   0.00000   0.00000   0.00000
   1   7.13825  12.84885   4.28295   0.00000   0.00000   0.00000
   1   5.71060  11.42120   5.71060   0.00000   0.00000   0.00000
   1   7.13825  12.84885   7.13825   0.00000   0.00000   0.00000
   1   5.71060  11.42120   8.56590   0.00000   0.00000   0.00000
   1   7.13825  12.84885   9.99355   0.00000   0.00000   0.00000
   1   5.71060  11.42120  11.42120   0.00000   0.00000   0.00000
   1   7.13825  12.84885  12.84885   0.00000   0.00000   0.00000
   1   5.71060  11.42120  14.27650   0.00000   0.00000   0.00000
   1   7.13825  12.84885  15.70415   0.00000   0.00000   0.00000
   1   5.71060  11.42120  17.13180   0.00000   0.00000   0.00000
   1   7.13825  12.84885  18.55945   0.00000   0.00000   0.00000
   1   5.71060  11.42120  19.98710   0.00000   0.00000   0.00000
   1   7.13825  12.84885  21.41475   0.00000   0.00000   0.00000
   1   5.71060  14.27650   0.00000   0.00000   0.00000   0.00000
   1   7.13825  15.70415   1.42765   0.00000   0.00000   0.00000
   1   5.71060  14.27650   2.85530   0.00000   0.00000   0.00000
   1   7.13825  15.70415   4.28295   0.00000   0.00000   0.00000
   1   5.71060  14.27650   5.71060   0.00000   0.00000   0.00000
   1   7.13825  15.70415   7.13825   0.00000   0.00000   0.00000
   1   5.71060  14.27650   8.56590   0.00000   0.00000   0.00000
   1   7.13825  15.70415   9.99355   0.00000   0.00000   0.00000
   1   5.71060  14.27650  11.42120   0.00000   0.00000   0.00000
   1   7.13825  15.70415  12.84885   0.00000   0.00000   0.00000
   1   5.71060  14.27650  14.27650   0.00000   0.00000   0.00000
   1   7.13825  15.70415  15.70415   0.00000   0.00000   0.00000
   1   5.71060  14.27650  17.13180   0.00000   0.00000   0.00000
   1   7.13825  15.70415  18.55945   0.00000   0.00000   0.00000
   1   5.71060  14.27650  19.98710   0.00000   0.00000   0.00000
   1   7.13825  15.70415  21.41475   0.00000   0.00000   0.00000
   1   5.71060  17.13180   0.00000   0.00000   0.00000   0.00000
   1   7.13825  18.55945   1.42765   0.00000   0.00000   0.00000
   1   5.71060  17.13180   2.85530   0.00000   0.00000   0.00000
   1   7.13825  18.55945   4.28295   0.00000   0.00000   0.00000
   1   5.71060  17.13180   5.71060   0.00000   0.00000   0.00000
   1   7.13825  18.55945   7.13825   0.00000   0.00000   0.00000
   1   5.71060  17.13180   8.56590   0.00000   0.00000   0.00000
   1   7.13825  18.55945   9.99355   0.00000   0.00000   0.00000
   1   5.71060  17.13180  11.42120   0.00000   0.00000   0.00000
   1   7.13825  18.55945  12.84885   0.00000   0.00000   0.00000
   1   5.71060  17.13180  14.27650   0.00000   0.00000   0.00000
   1   7.13825  18.55945  15.70415   0.00000   0.00000   0.00000
   1   5.71060  17.13180  17.13180   0.00000   0.00000   0.00000
   1   7.13825  18.55945  18.55945   0.00000   0.00000   0.00000
   1   5.71060  17.13180  19.98710   0.00000   0.00000   0.00000
   1   7.13825  18.55945  21.41475   0.00000   0.00000   0.00000
   1   5.71060  19.98710   0.00000   0.00000   0.00000   0.00000
   1   7.13825  21.41475   1.42765   0.00000   0.00000   0.00000
   1   5.71060  19.98710   2.85530   0.00000   0.00000   0.00000
   1   7.13825  21.41475   4.28295   0.00000   0.00000   0.00000
   1   5.71060  19.98710   5.71060   0.00000   0.00000   0.00000
   1   7.13825  21.41475   7.13825   0.00000   0.00000   0.00000
   1   5.71060  19.98710   8.56590   0.00000   0.00000   0.00000
   1   7.13825  21.41475   9.99355   0.00000   0.00000   0.00000
   1   5.71060  19.98710  11.42120   0.00000   0.00000   0.00000
   1   7.13825  21.41475  12.84885   0.00000   0.00000   0.00000
   1   5.71060  19.98710  14.27650   0.00000   0.00000   0.00000
   1   7.13825  21.41475  15.70415   0.00000   0.00000   0.00000
   1   5.71060  19.98710  17.13180   0.00000   0.00000   0.00000
   1   7.13825  21.41475  18.55945   0.00000   0.00000   0.00000
   1   5.71060  19.98710  19.98710   0.00000   0.00000   0.00000
   1   7.13825  21.41475  21.41475   0.00000   0.00000   0.00000
   1   8.56590   0.00000   0.00000   0.00000   0.00000   0.00000
   1   9.99355   1.42765   1.42765   0.00000   0.00000   0.00000
   1   8.56590   0.00000   2.85530   0.00000   0.00000   0.00000
   1   9.99355   1.42765   4.28295   0.00000   0.00000   0.00000
   1   8.56590   0.00000   5.71060   0.00000   0.00000   0.00000
   1   9.99355   1.42765   7.13825   0.00000   0.00000   0.00000
   1   8.56590   0.00000   8.56590   0.00000   0.00000   0.00000
   1   9.99355   1.42765   9.99355   0.00000   0.00000   0.00000
   1   8.56590   0.00000  11.42120   0.00000   0.00000   0.00000
   1   9.99355   1.42765  12.84885   0.00000   0.00000   0.00000
   1   8.56590   0.00000  14.27650   0.00000   0.00000   0.00000
   1   9.99355   1.42765  15.70415   0.00000   0.00000   0.00000
   1   8.56590   0.00000  17.13180   0.00000   0.00000   0.00000
   1   9.99355   1.42765  18.55945   0.00000   0.00000   0.00000
   1   8.56590   0.00000  19.98710   0.00000   0.00000   0.00000
   1   9.99355   1.42765  21.41475   0.00000   0.00000   0.00000
   1   8.56590   2.85530   0.00000   0.00000   0.00000   0.00000
   1   9.99355   4.28295   1.42765   0.00000   0.00000   0.00000
   1   8.56590   2.85530   2.85530   0.00000   0.00000   0.00000
   1   9.99355   4.28295   4.28295   0.00000   0.00000   0.00000
   1   8.56590   2.85530   5.71060   0.00000   0.00000   0.00000
   1   9.99355   4.28295   7.13825   0.00000   0.00000   0.00000
   1   8.56590   2.85530   8.56590   0.00000   0.00000   0.00000
   1   9.99355   4.28295   9.99355   0.00000   0.00000   0.00000
   1   8.56590   2.85530  11.42120   0.00000   0.00000   0.00000
   1   9.99355   4.28295  12.84885   0.00000   0.00000   0.00000
   1   8.56590   2.85530  14.27650   0.00000   0.00000   0.00000
   1   9.99355   4.28295  15.70415   0.00000   0.00000   0.00000
   1   8.56590   2.85530  17.13180   0.00000   0.00000   0.00000
   1   9.99355   4.28295  18.55945   0.00000   0.00000   0.00000
   1   8.56590   2.85530  19.98710   0.00000   0.00000   0.00000
   1   9.99355   4.28295  21.41475   0.00000   0.00000   0.00000
   1   8.56590   5.71060   0.00000   0.00000   0.00000   0.00000
   1   9.99355   7.13825   1.42765   0.00000   0.00000   0.00000
   1   8.56590   5.71060   2.85530   0.00000   0.00000   0.00000
   1   9.99355   7.13825   4.28295   0.00000   0.00000   0.00000
   1   8.56590   5.71060   5.71060   0.00000   0.00000   0.00000
   1   9.99355   7.13825   7.13825   0.00000   0.00000   0.00000
   1   8.56590   5.71060   8.56590   0.00000   0.00000   0.00000
   1   9.99355   7.13825   9.99355   0.00000   0.00000   0.00000
   1   8.56590   5.71060  11.42120   0.00000   0.00000   0.00000
   1   9.99355   7.13825  12.84885   0.00000   0.00000   0.00000
   1   8.56590   5.71060  14.27650   0.00000   0.00000   0.00000
   1   9.99355   7.13825  15.70415   0.00000   0.00000   0.00000
   1   8.56590   5.71060  17.13180   0.00000   0.00000   0.00000
   1   9.99355   7.13825  18.55945   0.00000   0.00000   0.00000
   1   8.56590   5.71060  19.98710   0.00000   0.00000   0.00000
   1   9.99355   7.13825  21.41475   0.00000   0.00000   0.00000
   1   8.56590   8.56590   0.00000   0.00000   0.00000   0.00000
   1   9.99355   9.99355   1.42765   0.00000   0.00000   0.00000
   1   8.56590   8.56590   2.85530   0.00000   0.00000   0.00000
   1   9.99355   9.99355   4.28295   0.00000   0.00000   0.00000
   1   8.56590   8.56590   5.71060   0.00000   0.00000   0.00000
   1   9.99355   9.99355   7.13825   0.00000   0.00000   0.00000
   1   8.56590   8.56590   8.56590   0.00000   0.00000   0.00000
   1   9.99355   9.99355   9.99355   0.00000   0.00000   0.00000
   1   8.56590   8.56590  11.42120   0.00000   0.00000   0.00000
   1   9.99355   9.99355  12.84885   0.00000   0.00000   0.00000
   1   8.56590   8.56590  14.27650   0.00000   0.00000   0.00000
   1   9.99355   9.99355  15.70415   0.00000   0.00000   0.00000
   1   8.56590   8.56590  17.13180   0.00000   0.00000   0.00000
   1   9.99355   9.99355  18.55945   0.00000   0.00000   0.00000
   1   8.56590   8.56590  19.98710   0.00000   0.00000   0.00000
   1   9.99355   9.99355  21.41475   0.00000   0.00000   0.00000
   1   8.56590  11.42120   0.00000   0.00000   0.00000   0.00000
   1   9.99355  12.84885   1.42765   0.00000   0.00000   0.00000
   1   8.56590  11.42120   2.85530   0.00000   0.00000   0.00000
   1   9.99355  12.84885   4.28295   0.00000   0.00000   0.00000
   1   8.56590  11.42120   5.71060   0.00000   0.00000   0.00000
   1   9.99355  12.84885   7.13825   0.00000   0.00000   0.00000
   1   8.56590  11.42120   8.56590   0.00000   0.00000   0.00000
   1   9.99355  12.84885   9.99355   0.00000   0.00000   0.00000
   1   8.56590  11.42120  11.42120   0.00000   0.00000   0.00000
   1   9.99355  12.84885  12.84885   0.00000   0.00000   0.00000
   1   8.56590  11.42120  14.27650   0.00000   0.00000   0.00000
   1   9.99355  12.84885  15.70415   0.00000   0.00000   0.00000
   1   8.56590  11.42120  17.13180   0.00000   0.00000   0.00000
   1   9.99355  12.84885  18.55945   0.00000   0.00000   0.00000
   1   8.56590  11.42120  19.98710   0.00000   0.00000   0.00000
   1   9.99355  12.84885  21.41475   0.00000   0.00000   0.00000
   1   8.56590  14.27650   0.00000   0.00000   0.00000   0.00000
   1   9.99355  15.70415   1.42765   0.00000   0.00000   0.00000
   1   8.56590  14.27650   2.85530   0.00000   0.00000   0.00000
   1   9.99355  15.70415   4.28295   0.00000   0.00000   0.00000
   1   8.56590  14.27650   5.71060   0.00000   0.00000   0.00000
   1   9.99355  15.70415   7.13825   0.00000   0.00000   0.00000
   1   8.56590  14.27650   8.56590   0.00000   0.00000   0.00000
   1   9.99355  15.70415   9.99355   0.00000   0.00000   0.00000
   1   8.56590  14.27650  11.42120   0.00000   0.00000   0.00000
   1   9.99355  15.70415  12.84885   0.00000   0.00000   0.00000
   1   8.56590  14.27650  14.27650   0.00000   0.00000   0.00000
   1   9.99355  15.70415  15.70415   0.00000   0.00000   0.00000
   1   8.56590  14.27650  17.13180   0.00000   0.00000   0.00000
   1   9.99355  15.70415  18.55945   0.00000   0.00000   0.00000
   1   8.56590  14.27650  19.98710   0.00000   0.00000   0.00000
   1   9.99355  15.70415  21.41475   0.00000   0.00000   0.00000
   1   8.56590  17.13180   0.00000   0.00000   0.00000   0.00000
   1   9.99355  18.55945   1.42765   0.00000   0.00000   0.00000
   1   8.56590  17.13180   2.85530   0.00000   0.00000   0.00000
   1   9.99355  18.55945   4.28295   0.00000   0.00000   0.00000
   1   8.56590  17.13180   5.71060   0.00000   0.00000   0.00000
   1   9.99355  18.55945   7.13825   0.00000   0.00000   0.00000
   1   8.56590  17.13180   8.56590   0.00000   0.00000   0.00000
   1   9.99355  18.55945   9.99355   0.00000   0.00000   0.00000
   1   8.56590  17.13180  11.42120   0.00000   0.00000   0.00000
   1   9.99355  18.55945  12.84885   0.00000   0.00000   0.00000
   1   8.56590  17.13180  14.27650   0.00000   0.00000   0.00000
   1   9.99355  18.55945  15.70415   0.00000   0.00000   0.00000
   1   8.56590  17.13180  17.13180   0.00000   0.00000   0.00000
   1   9.99355  18.55945  18.55945   0.00000   0.00000   0.00000
   1   8.56590  17.13180  19.98710   0.00000   0.00000   0.00000
   1   9.99355  18.55945  21.41475   0.00000   0.00000   0.00000
   1   8.56590  19.98710   0.00000   0.00000   0.00000   0.00000
   1   9.99355  21.41475   1.42765   0.00000   0.00000   0.00000
   1   8.56590  19.98710   2.85530   0.00000   0.00000   0.00000
   1   9.99355  21.41475   4.28295   0.00000   0.00000   0.00000
   1   8.56590  19.98710   5.71060   0.00000   0.00000   0.00000
   1   9.99355  21.41475   7.13825   0.00000   0.00000   0.00000
   1   8.56590  19.98710   8.56590   0.00000   0.00000   0.00000
   1   9.99355  21.41475   9.99355   0.00000   0.00000   0.00000
   1   8.56590  19.98710  11.42120   0.00000   0.00000   0.00000
   1   9.99355  21.41475  12.84885   0.00000   0.00000   0.00000
   1   8.56590  19.98710  14.27650   0.00000   0.00000   0.00000
   1   9.99355  21.41475  15.70415   0.00000   0.00000   0.00000
   1   8.56590  19.98710  17.13180   0.00000   0.00000   0.00000
   1   9.99355  21.41475  18.55945   0.00000   0.00000   0.00000
   1   8.56590  19.98710  19.98710   0.00000   0.00000   0.00000
   1   9.99355  21.41475  21.41475   0.00000   0.00000   0.00000
   1  11.42120   0.00000   0.00000   0.00000   0.00000   0.00000
   1  12.84885   1.42765   1.42765   0.00000   0.00000   0.00000
   1  11.42120   0.00000   2.85530   0.00000   0.00000   0.00000
   1  12.84885   1.42765   4.28295   0.00000   0.00000   0.00000
   1  11.42120   0.00000   5.71060   0.00000   0.00000   0.00000
   1  12.84885   1.42765   7.13825   0.00000   0.00000   0.00000
   1  11.42120   0.00000   8.56590   0.00000   0.00000   0.00000
   1  12.84885   1.42765   9.99355   0.00000   0.00000   0.00000
   1  11.42120   0.00000  11.42120   0.00000   0.00000   0.00000
   1  12.84885   1.42765  12.84885   0.00000   0.00000   0.00000
   1  11.42120   0.00000  14.27650   0.00000   0.00000   0.00000
   1  12.84885   1.42765  15.70415   0.00000   0.00000   0.00000
   1  11.42120   0.00000  17.13180   0.00000   0.00000   0.00000
   1  12.84885   1.42765  18.55945   0.00000   0.00000   0.00000
   1  11.42120   0.00000  19.98710   0.00000   0.00000   0.00000
   1  12.84885   1.42765  21.41475   0.00000   0.00000   0.00000
   1  11.42120   2.85530   0.00000   0.00000   0.00000   0.00000
   1  12.84885   4.28295   1.42765   0.00000   0.00000   0.00000
   1  11.42120   2.85530   2.85530   0.00000   0.00000   0.00000
   1  12.84885   4.28295   4.28295   0.00000   0.00000   0.00000
   1  11.42120   2.85530   5.71060   0.00000   0.00000   0.00000
   1  12.84885   4.28295   7.13825   0.00000   0.00000   0.00000
   1  11.42120   2.85530   8.56590   0.00000   0.00000   0.00000
   1  12.84885   4.28295   9.99355   0.00000   0.00000   0.00000
   1  11.42120   2.85530  11.42120   0.00000   0.00000   0.00000
   1  12.84885   4.28295  12.84885   0.00000   0.00000   0.00000
   1  11.42120   2.85530  14.27650   0.00000   0.00000   0.00000
   1  12.84885   4.28295  15.70415   0.00000   0.00000   0.00000
   1  11.42120   2.85530  17.13180   0.00000   0.00000   0.00000
   1  12.84885   4.28295  18.55945   0.00000   0.00000   0.00000
   1  11.42120   2.85530  19.98710   0.00000   0.00000   0.00000
   1  12.84885   4.28295  21.41475   0.00000   0.00000   0.00000
   1  11.42120   5.71060   0.00000   0.00000   0.00000   0.00000
   1  12.84885   7.13825   1.42765   0.00000   0.00000   0.00000
   1  11.42120   5.71060   2.85530   0.00000   0.00000   0.00000
   1  12.84885   7.13825   4.28295   0.00000   0.00000   0.00000
   1  11.42120   5.71060   5.71060   0.00000   0.00000   0.00000
   1  12.84885   7.13825   7.13825   0.00000   0.00000   0.00000
   1  11.42120   5.71060   8.56590   0.00000   0.00000   0.00000
   1  12.84885   7.13825   9.99355   0.00000   0.00000   0.00000
   1  11.42120   5.71060  11.42120   0.00000   0.00000   0.00000
   1  12.84885   7.13825  12.84885   0.00000   0.00000   0.00000
   1  11.42120   5.71060  14.27650   0.00000   0.00000   0.00000
   1  12.84885   7.13825  15.70415   0.00000   0.00000   0.00000
   1  11.42120   5.71060  17.13180   0.00000   0.00000   0.00000
   1  12.84885   7.13825  18.55945   0.00000   0.00000   0.00000
   1  11.42120   5.71060  19.98710   0.00000   0.00000   0.00000
   1  12.84885   7.13825  21.41475   0.00000   0.00000   0.00000
   1  11.42120   8.56590   0.00000   0.00000   0.00000   0.00000
   1  12.84885   9.99355   1.42765   0.00000   0.00000   0.00000
   1  11.42120   8.56590   2.85530   0.00000   0.00000   0.00000
   1  12.84885   9.99355   4.28295   0.00000   0.00000   0.00000
   1  11.42120   8.56590   5.71060   0.00000   0.00000   0.00000
   1  12.84885   9.99355   7.13825   0.00000   0.00000   0.00000
   1  11.42120   8.56590   8.56590   0.00000   0.00000   0.00000
   1  12.84885   9.99355   9.99355   0.00000   0.00000   0.00000
   1  11.42120   8.56590  11.42120   0.00000   0.00000   0.00000
   1  12.84885   9.99355  12.84885   0.00000   0.00000   0.00000
   1  11.42120   8.56590  14.27650   0.00000   0.00000   0.00000
   1  12.84885   9.99355  15.70415   0.00000   0.00000   0.00000
   1  11.42120   8.56590  17.13180   0.00000   0.00000   0.00000
   1  12.84885   9.99355  18.55945   0.00000   0.00000   0.00000
   1  11.42120   8.56590  19.98710   0.00000   0.00000   0.00000
   1  12.84885   9.99355  21.41475   0.00000   0.00000   0.00000
   1  11.42120  11.42120   0.00000   0.00000   0.00000   0.00000
   1  12.84885  12.84885   1.42765   0.00000   0.00000   0.00000
   1  11.42120  11.42120   2.85530   0.00000   0.00000   0.00000
   1  12.84885  12.84885   4.28295   0.00000   0.00000   0.00000
   1  11.42120  11.42120   5.71060   0.00000   0.00000   0.00000
   1  12.84885  12.84885   7.13825   0.00000   0.00000   0.00000
   1  11.42120  11.42120   8.56590   0.00000   0.00000   0.00000
   1  12.84885  12.84885   9.99355   0.00000   0.00000   0.00000
   1  11.42120  11.42120  11.42120   0.00000   0.00000   0.00000
   1  12.84885  12.84885  12.84885   0.00000   0.00000   0.00000
   1  11.42120  11.42120  14.27650   0.00000   0.00000   0.00000
   1  12.84885  12.84885  15.70415   0.00000   0.00000   0.00000
   1  11.42120  11.42120  17.13180   0.00000   0.00000   0.00000
   1  12.84885  12.84885  18.55945   0.00000   0.00000   0.00000
   1  11.42120  11.42120  19.98710   0.00000   0.00000   0.00000
   1  12.84885  12.84885  21.41475   0.00000   0.00000   0.00000
   1  11.42120  14.27650   0.00000   0.00000   0.00000   0.00000
   1  12.84885  15.70415   1.42765   0.00000   0.00000   0.00000
   1  11.42120  14.27650   2.85530   0.00000   0.00000   0.00000
   1  12.84885  15.70415   4.28295   0.00000   0.00000   0.00000
   1  11.42120  14.27650   5.71060   0.00000   0.00000   0.00000
   1  12.84885  15.70415   7.13825   0.00000   0.00000   0.00000
   1  11.42120  14.27650   8.56590   0.00000   0.00000   0.00000
   1  12.84885  15.70415   9.99355   0.00000   0.00000   0.00000
   1  11.42120  14.27650  11.42120   0.00000   0.00000   0.00000
   1  12.84885  15.70415  12.84885   0.00000   0.00000   0.00000
   1  11.42120  14.27650  14.27650   0.00000   0.00000   0.00000
   1  12.84885  15.70415  15.70415   0.00000   0.00000   0.00000
   1  11.42120  14.27650  17.13180   0.00000   0.00000   0.00000
   1  12.84885  15.70415  18.55945   0.00000   0.00000   0.00000
   1  11.42120  14.27650  19.98710   0.00000   0.00000   0.00000
   1  12.84885  15.70415  21.41475   0.00000   0.00000   0.00000
   1  11.42120  17.13180   0.00000   0.00000   0.00000   0.00000
   1  12.84885  18.55945   1.42765   0.00000   0.00000   0.00000
   1  11.42120  17.13180   2.85530   0.00000   0.00000   0.00000
   1  12.84885  18.55945   4.28295   0.00000   0.00000   0.00000
   1  11.42120  17.13180   5.71060   0.00000   0.00000   0.00000
   1  12.84885  18.55945   7.13825   0.00000   0.00000   0.00000
   1  11.42120  17.13180   8.56590   0.00000   0.00000   0.00000
   1  12.84885  18.55945   9.99355   0.00000   0.00000   0.00000
   1  11.42120  17.13180  11.42120   0.00000   0.00000   0.00000
   1  12.84885  18.55945  12.84885   0.00000   0.00000   0.00000
   1  11.42120  17.13180  14.27650   0.00000   0.00000   0.00000
   1  12.84885  18.55945  15.70415   0.00000   0.00000   0.00000
   1  11.42120  17.13180  17.13180   0.00000   0.00000   0.00000
   1  12.84885  18.55945  18.55945   0.00000   0.00000   0.00000
   1  11.42120  17.13180  19.98710   0.00000   0.00000   0.00000
   1  12.84885  18.55945  21.41475   0.00000   0.00000   0.00000
   1  11.42120  19.98710   0.00000   0.00000   0.00000   0.00000
   1  12.84885  21.41475   1.42765   0.00000   0.00000   0.00000
   1  11.42120  19.98710   2.85530   0.00000   0.00000   0.00000
   1  12.84885  21.41475   4.28295   0.00000   0.00000   0.00000
   1  11.42120  19.98710   5.71060   0.00000   0.00000   0.00000
   1  12.84885  21.41475   7.13825   0.00000   0.00000   0.00000
   1  11.42120  19.98710   8.56590   0.00000   0.00000   0.00000
   1  12.84885  21.41475   9.99355   0.00000   0.00000   0.00000
   1  11.42120  19.98710  11.42120   0.00000   0.00000   0.00000
   1  12.84885  21.41475  12.84885   0.00000   0.00000   0.00000
   1  11.42120  19.98710  14.27650   0.00000   0.00000   0.00000
   1  12.84885  21.41475  15.70415   0.00000   0.00000   0.00000
   1  11.42120  19.98710  17.13180   0.00000   0.00000   0.00000
   1  12.84885  21.41475  18.55945   0.00000   0.00000   0.00000
   1  11.42120  19.98710  19.98710   0.00000   0.00000   0.00000
   1  12.84885  21.41475  21.41475   0.00000   0.00000   0.00000
   1  14.27650   0.00000   0.00000   0.00000   0.00000   0.00000
   1  15.70415   1.42765   1.42765   0.00000   0.00000   0.00000
   1  14.27650   0.00000   2.85530   0.00000   0.00000   0.00000
   1  15.70415   1.42765   4.28295   0.00000   0.00000   0.00000
   1  14.27650   0.00000   5.71060   0.00000   0.00000   0.00000
   1  15.70415   1.42765   7.13825   0.00000   0.00000   0.00000
   1  14.27650   0.00000   8.56590   0.00000   0.00000   0.00000
   1  15.70415   1.42765   9.99355   0.00000   0.00000   0.00000
   1  14.27650   0.00000  11.42120   0.00000   0.00000   0.00000
   1  15.70415   1.42765  12.84885   0.00000   0.00000   0.00000
   1  14.27650   0.00000  14.27650   0.00000   0.00000   0.00000
   1  15.70415   1.42765  15.70415   0.00000   0.00000   0.00000
   1  14.27650   0.00000  17.13180   0.00000   0.00000   0.00000
   1  15.70415   1.42765  18.55945   0.00000   0.00000   0.00000
   1  14.27650   0.00000  19.98710   0.00000   0.00000   0.00000
   1  15.70415   1.42765  21.41475   0.00000   0.00000   0.00000
   1  14.27650   2.85530   0.00000   0.00000   0.00000   0.00000
   1  15.70415   4.28295   1.42765   0.00000   0.00000   0.00000
   1  14.27650   2.85530   2.85530   0.00000   0.00000   0.00000
   1  15.70415   4.28295   4.28295   0.00000   0.00000   0.00000
   1  14.27650   2.85530   5.71060   0.00000   0.00000   0.00000
   1  15.70415   4.28295   7.13825   0.00000   0.00000   0.00000
   1  14.27650   2.85530   8.56590   0.00000   0.00000   0.00000
   1  15.70415   4.28295   9.99355   0.00000   0.00000   0.00000
   1  14.27650   2.85530  11.42120   0.00000   0.00000   0.00000
   1  15.70415   4.28295  12.84885   0.00000   0.00000   0.00000
   1  14.27650   2.85530  14.27650   0.00000   0.00000   0.00000
   1  15.70415   4.28295  15.70415   0.00000   0.00000   0.00000
   1  14.27650   2.85530  17.13180   0.00000   0.00000   0.00000
   1  15.70415   4.28295  18.55945   0.00000   0.00000   0.00000
   1  14.27650   2.85530  19.98710   0.00000   0.00000   0.00000
   1  15.70415   4.28295  21.41475   0.00000   0.00000   0.00000
   1  14.27650   5.71060   0.00000   0.00000   0.00000   0.00000
   1  15.70415   7.13825   1.42765   0.00000   0.00000   0.00000
   1  14.27650   5.71060   2.85530   0.00000   0.00000   0.00000
   1  15.70415   7.13825   4.28295   0.00000   0.00000   0.00000
   1  14.27650   5.71060   5.71060   0.00000   0.00000   0.00000
   1  15.70415   7.13825   7.13825   0.00000   0.00000   0.00000
   1  14.27650   5.71060   8.56590   0.00000   0.00000   0.00000
   1  15.70415   7.13825   9.99355   0.00000   0.00000   0.00000
   1  14.27650   5.71060  11.42120   0.00000   0.00000   0.00000
   1  15.70415   7.13825  12.84885   0.00000   0.00000   0.00000
   1  14.27650   5.71060  14.27650   0.00000   0.00000   0.00000
   1  15.70415   7.13825  15.70415   0.00000   0.00000   0.00000
   1  14.27650   5.71060  17.13180   0.00000   0.00000   0.00000
   1  15.70415   7.13825  18.55945   0.00000   0.00000   0.00000
   1  14.27650   5.71060  19.98710   0.00000   0.00000   0.00000
   1  15.70415   7.13825  21.41475   0.00000   0.00000   0.00000
   1  14.27650   8.56590   0.00000   0.00000   0.00000   0.00000
   1  15.70415   9.99355   1.42765   0.00000   0.00000   0.00000
   1  14.27650   8.56590   2.85530   0.00000   0.00000   0.00000
   1  15.70415   9.99355   4.28295   0.00000   0.00000   0.00000
   1  14.27650   8.56590   5.71060   0.00000   0.00000   0.00000
   1  15.70415   9.99355   7.13825   0.00000   0.00000   0.00000
   1  14.27650   8.56590   8.56590   0.00000   0.00000   0.00000
   1  15.70415   9.99355   9.99355   0.00000   0.00000   0.00000
   1  14.27650   8.56590  11.42120   0.00000   0.00000   0.00000
   1  15.70415   9.99355  12.84885   0.00000   0.00000   0.00000
   1  14.27650   8.56590  14.27650   0.00000   0.00000   0.00000
   1  15.70415   9.99355  15.70415   0.00000   0.00000   0.00000
   1  14.27650   8.56590  17.13180   0.00000   0.00000   0.00000
   1  15.70415   9.99355  18.55945   0.00000   0.00000   0.00000
   1  14.27650   8.56590  19.98710   0.00000   0.00000   0.00000
   1  15.70415   9.99355  21.41475   0.00000   0.00000   0.00000
   1  14.27650  11.42120   0.00000   0.00000   0.00000   0.00000
   1  15.70415  12.84885   1.42765   0.00000   0.00000   0.00000
   1  14.27650  11.42120   2.85530   0.00000   0.00000   0.00000
   1  15.70415  12.84885   4.28295   0.00000   0.00000   0.00000
   1  14.27650  11.42120   5.71060   0.00000   0.00000   0.00000
   1  15.70415  12.84885   7.13825   0.00000   0.00000   0.00000
   1  14.27650  11.42120   8.56590   0.00000   0.00000   0.00000
   1  15.70415  12.84885   9.99355   0.00000   0.00000   0.00000
   1  14.27650  11.42120  11.42120   0.00000   0.00000   0.00000
   1  15.70415  12.84885  12.84885   0.00000   0.00000   0.00000
   1  14.27650  11.42120  14.27650   0.00000   0.00000   0.00000
   1  15.70415  12.84885  15.70415   0.00000   0.00000   0.00000
   1  14.27650  11.42120  17.13180   0.00000   0.00000   0.00000
   1  15.70415  12.84885  18.55945   0.00000   0.00000   0.00000
   1  14.27650  11.42120  19.98710   0.00000   0.00000   0.00000
   1  15.70415  12.84885  21.41475   0.00000   0.00000   0.00000
   1  14.27650  14.27650   0.00000   0.00000   0.00000   0.00000
   1  15.70415  15.70415   1.42765   0.00000   0.00000   0.00000
   1  14.27650  14.27650   2.85530   0.00000   0.00000   0.00000
   1  15.70415  15.70415   4.28295   0.00000   0.00000   0.00000
   1  14.27650  14.27650   5.71060   0.00000   0.00000   0.00000
   1  15.70415  15.70415   7.13825   0.00000   0.00000   0.00000
   1  14.27650  14.27650   8.56590   0.00000   0.00000   0.00000
   1  15.70415  15.70415   9.99355   0.00000   0.00000   0.00000
   1  14.27650  14.27650  11.42120   0.00000   0.00000   0.00000
   1  15.70415  15.70415  12.84885   0.00000   0.00000   0.00000
   1  14.27650  14.27650  14.27650   0.00000   0.00000   0.00000
   1  15.70415  15.70415  15.70415   0.00000   0.00000   0.00000
   1  14.27650  14.27650  17.13180   0.00000   0.00000   0.00000
   1  15.70415  15.70415  18.55945   0.00000   0.00000   0.00000
   1  14.27650  14.27650  19.98710   0.00000   0.00000   0.00000
   1  15.70415  15.70415  21.41475   0.00000   0.00000   0.00000
   1  14.27650  17.13180   0.00000   0.00000   0.00000   0.00000
   1  15.70415  18.55945   1.42765   0.00000   0.00000   0.00000
   1  14.27650  17.13180   2.85530   0.00000   0.00000   0.00000
   1  15.70415  18.55945   4.28295   0.00000   0.00000   0.00000
   1  14.27650  17.13180   5.71060   0.00000   0.00000   0.00000
   1  15.70415  18.55945   7.13825   0.00000   0.00000   0.00000
   1  14.27650  17.13180   8.56590   0.00000   0.00000   0.00000
   1  15.70415  18.55945   9.99355   0.00000   0.00000   0.00000
   1  14.27650  17.13180  11.42120   0.00000   0.00000   0.00000
   1  15.70415  18.55945  12.84885   0.00000   0.00000   0.00000
   1  14.27650  17.13180  14.27650   0.00000   0.00000   0.00000
   1  15.70415  18.55945  15.70415   0.00000   0.00000   0.00000
   1  14.27650  17.13180  17.13180   0.00000   0.00000   0.00000
   1  15.70415  18.55945  18.55945   0.00000   0.00000   0.00000
   1  14.27650  17.13180  19.98710   0.00000   0.00000   0.00000
   1  15.70415  18.55945  21.41475   0.00000   0.00000   0.00000
   1  14.27650  19.98710   0.00000   0.00000   0.00000   0.00000
   1  15.70415  21.41475   1.42765   0.00000   0.00000   0.00000
   1  14.27650  19.98710   2.85530   0.00000   0.00000   0.00000
   1  15.70415  21.41475   4.28295   0.00000   0.00000   0.00000
   1  14.27650  19.98710   5.71060   0.00000   0.00000   0.00000
   1  15.70415  21.41475   7.13825   0.00000   0.00000   0.00000
   1  14.27650  19.98710   8.56590   0.00000   0.00000   0.00000
   1  15.70415  21.41475   9.99355   0.00000   0.00000   0.00000
   1  14.27650  19.98710  11.42120   0.00000   0.00000   0.00000
   1  15.70415  21.41475  12.84885   0.00000   0.00000   0.00000
   1  14.27650  19.98710  14.27650   0.00000   0.00000   0.00000
   1  15.70415  21.41475  15.70415   0.00000   0.00000   0.00000
   1  14.27650  19.98710  17.13180   0.00000   0.00000   0.00000
   1  15.70415  21.41475  18.55945   0.00000   0.00000   0.00000
   1  14.27650  19.98710  19.98710   0.00000   0.00000   0.00000
   1  15.70415  21.41475  21.41475   0.00000   0.00000   0.00000
   1  17.13180   0.00000   0.00000   0.00000   0.00000   0.00000
   1  18.55945   1.42765   1.42765   0.00000   0.00000   0.00000
   1  17.13180   0.00000   2.85530   0.00000   0.00000   0.00000
   1  18.55945   1.42765   4.28295   0.00000   0.00000   0.00000
   1  17.13180   0.00000   5.71060   0.00000   0.00000   0.00000
   1  18.55945   1.42765   7.13825   0.00000   0.00000   0.00000
   1  17.13180   0.00000   8.56590   0.00000   0.00000   0.00000
   1  18.55945   1.42765   9.99355   0.00000   0.00000   0.00000
   1  17.13180   0.00000  11.42120   0.00000   0.00000   0.00000
   1  18.55945   1.42765  12.84885   0.00000   0.00000   0.00000
   1  17.13180   0.00000  14.27650   0.00000   0.00000   0.00000
   1  18.55945   1.42765  15.70415   0.00000   0.00000   0.00000
   1  17.13180   0.00000  17.13180   0.00000   0.00000   0.00000
   1  18.55945   1.42765  18.55945   0.00000   0.00000   0.00000
   1  17.13180   0.00000  19.98710   0.00000   0.00000   0.00000
   1  18.55945   1.42765  21.41475   0.00000   0.00000   0.00000
   1  17.13180   2.85530   0.00000   0.00000   0.00000   0.00000
   1  18.55945   4.28295   1.42765   0.00000   0.00000   0.00000
   1  17.13180   2.85530   2.85530   0.00000   0.00000   0.00000
   1  18.55945   4.28295   4.28295   0.00000   0.00000   0.00000
   1  17.13180   2.85530   5.71060   0.00000   0.00000   0.00000
   1  18.55945   4.28295   7.13825   0.00000   0.00000   0.00000
   1  17.13180   2.85530   8.56590   0.00000   0.00000   0.00000
   1  18.55945   4.28295   9.99355   0.00000   0.00000   0.00000
   1  17.13180   2.85530  11.42120   0.00000   0.00000   0.00000
   1  18.55945   4.28295  12.84885   0.00000   0.00000   0.00000
   1  17.13180   2.85530  14.27650   0.00000   0.00000   0.00000
   1  18.55945   4.28295  15.70415   0.00000   0.00000   0.00000
   1  17.13180   2.85530  17.13180   0.00000   0.00000   0.00000
   1  18.55945   4.28295  18.55945   0.00000   0.00000   0.00000
   1  17.13180   2.85530  19.98710   0.00000   0.00000   0.00000
   1  18.55945   4.28295  21.41475   0.00000   0.00000   0.00000
   1  17.13180   5.71060   0.00000   0.00000   0.00000   0.00000
   1  18.55945   7.13825   1.42765   0.00000   0.00000   0.00000
   1  17.13180   5.71060   2.85530   0.00000   0.00000   0.00000
   1  18.55945   7.13825   4.28295   0.00000   0.00000   0.00000
   1  17.13180   5.71060   5.71060   0.00000   0.00000   0.00000
   1  18.55945   7.13825   7.13825   0.00000   0.00000   0.00000
   1  17.13180   5.71060   8.56590   0.00000   0.00000   0.00000
   1  18.55945   7.13825   9.99355   0.00000   0.00000   0.00000
   1  17.13180   5.71060  11.42120   0.00000   0.00000   0.00000
   1  18.55945   7.13825  12.84885   0.00000   0.00000   0.00000
   1  17.13180   5.71060  14.27650   0.00000   0.00000   0.00000
   1  18.55945   7.13825  15.70415   0.00000   0.00000   0.00000
   1  17.13180   5.71060  17.13180   0.00000   0.00000   0.00000
   1  18.55945   7.13825  18.55945   0.00000   0.00000   0.00000
   1  17.13180   5.71060  19.98710   0.00000   0.00000   0.00000
   1  18.55945   7.13825  21.41475   0.00000   0.00000   0.00000
   1  17.13180   8.56590   0.00000   0.00000   0.00000   0.00000
   1  18.55945   9.99355   1.42765   0.00000   0.00000   0.00000
   1  17.13180   8.56590   2.85530   0.00000   0.00000   0.00000
   1  18.55945   9.99355   4.28295   0.00000   0.00000   0.00000
   1  17.13180   8.56590   5.71060   0.00000   0.00000   0.00000
   1  18.55945   9.99355   7.13825   0.00000   0.00000   0.00000
   1  17.13180   8.56590   8.56590   0.00000   0.00000   0.00000
   1  18.55945   9.99355   9.99355   0.00000   0.00000   0.00000
   1  17.13180   8.56590  11.42120   0.00000   0.00000   0.00000
   1  18.55945   9.99355  12.84885   0.00000   0.00000   0.00000
   1  17.13180   8.56590  14.27650   0.00000   0.00000   0.00000
   1  18.55945   9.99355  15.70415   0.00000   0.00000   0.00000
   1  17.13180   8.56590  17.13180   0.00000   0.00000   0.00000
   1  18.55945   9.99355  18.55945   0.00000   0.00000   0.00000
   1  17.13180   8.56590  19.98710   0.00000   0.00000   0.00000
   1  18.55945   9.99355  21.41475   0.00000   0.00000   0.00000
   1  17.13180  11.42120   0.00000   0.00000   0.00000   0.00000
   1  18.55945  12.84885   1.42765   0.00000   0.00000   0.00000
   1  17.13180  11.42120   2.85530   0.00000   0.00000   0.00000
   1  18.55945  12.84885   4.28295   0.00000   0.00000   0.00000
   1  17.13180  11.42120   5.71060   0.00000   0.00000   0.00000
   1  18.55945  12.84885   7.13825   0.00000   0.00000   0.00000
   1  17.13180  11.42120   8.56590   0.00000   0.00000   0.00000
   1  18.55945  12.84885   9.99355   0.00000   0.00000   0.00000
   1  17.13180  11.42120  11.42120   0.00000   0.00000   0.00000
   1  18.55945  12.84885  12.84885   0.00000   0.00000   0.00000
   1  17.13180  11.42120  14.27650   0.00000   0.00000   0.00000
   1  18.55945  12.84885  15.70415   0.00000   0.00000   0.00000
   1  17.13180  11.42120  17.13180   0.00000   0.00000   0.00000
   1  18.55945  12.84885  18.55945   0.00000   0.00000   0.00000
   1  17.13180  11.42120  19.98710   0.00000   0.00000   0.00000
   1  18.55945  12.84885  21.41475   0.00000   0.00000   0.00000
   1  17.13180  14.27650   0.00000   0.00000   0.00000   0.00000
   1  18.55945  15.70415   1.42765   0.00000   0.00000   0.00000
   1  17.13180  14.27650   2.85530   0.00000   0.00000   0.00000
   1  18.55945  15.70415   4.28295   0.00000   0.00000   0.00000
   1  17.13180  14.27650   5.71060   0.00000   0.00000   0.00000
   1  18.55945  15.70415   7.13825   0.00000   0.00000   0.00000
   1  17.13180  14.27650   8.56590   0.00000   0.00000   0.00000
   1  18.55945  15.70415   9.99355   0.00000   0.00000   0.00000
   1  17.13180  14.27650  11.42120   0.00000   0.00000   0.00000
   1  18.55945  15.70415  12.84885   0.00000   0.00000   0.00000
   1  17.13180  14.27650  14.27650   0.00000   0.00000   0.00000
   1  18.55945  15.70415  15.70415   0.00000   0.00000   0.00000
   1  17.13180  14.27650  17.13180   0.00000   0.00000   0.00000
   1  18.55945  15.70415  18.55945   0.00000   0.00000   0.00000
   1  17.13180  14.27650  19.98710   0.00000   0.00000   0.00000
   1  18.55945  15.70415  21.41475   0.00000   0.00000   0.00000
   1  17.13180  17.13180   0.00000   0.00000   0.00000   0.00000
   1  18.55945  18.55945   1.42765   0.00000   0.00000   0.00000
   1  17.13180  17.13180   2.85530   0.00000   0.00000   0.00000
   1  18.55945  18.55945   4.28295   0.00000   0.00000   0.00000
   1  17.13180  17.13180   5.71060   0.00000   0.00000   0.00000
   1  18.55945  18.55945   7.13825   0.00000   0.00000   0.00000
   1  17.13180  17.13180   8.56590   0.00000   0.00000   0.00000
   1  18.55945  18.55945   9.99355   0.00000   0.00000   0.00000
   1  17.13180  17.13180  11.42120   0.00000   0.00000   0.00000
   1  18.55945  18.55945  12.84885   0.00000   0.00000   0.00000
   1  17.13180  17.13180  14.27650   0.00000   0.00000   0.00000
   1  18.55945  18.55945  15.70415   0.00000   0.00000   0.00000
   1  17.13180  17.13180  17.13180   0.00000   0.00000   0.00000
   1  18.55945  18.55945  18.55945   0.00000   0.00000   0.00000
   1  17.13180  17.13180  19.98710   0.00000   0.00000   0.00000
   1  18.55945  18.55945  21.41475   0.00000   0.00000   0.00000
   1  17.13180  19.98710   0.00000   0.00000   0.00000   0.00000
   1  18.55945  21.41475   1.42765   0.00000   0.00000   0.00000
   1  17.13180  19.98710   2.85530   0.00000   0.00000   0.00000
   1  18.55945  21.41475   4.28295   0.00000   0.00000   0.00000
   1  17.13180  19.98710   5.71060   0.00000   0.00000   0.00000
   1  18.55945  21.41475   7.13825   0.00000   0.00000   0.00000
   1  17.13180  19.98710   8.56590   0.00000   0.00000   0.00000
   1  18.55945  21.41475   9.99355   0.00000   0.00000   0.00000
   1  17.13180  19.98710  11.42120   0.00000   0.00000   0.00000
   1  18.55945  21.41475  12.84885   0.00000   0.00000   0.00000
   1  17.13180  19.98710  14.27650   0.00000   0.00000   0.00000
   1  18.55945  21.41475  15.70415   0.00000   0.00000   0.00000
   1  17.13180  19.98710  17.13180   0.00000   0.00000   0.00000
   1  18.55945  21.41475  18.55945   0.00000   0.00000   0.00000
   1  17.13180  19.98710  19.98710   0.00000   0.00000   0.00000
   1  18.55945  21.41475  21.41475   0.00000   0.00000   0.00000
   1  19.98710   0.00000   0.00000   0.00000   0.00000   0.00000
   1  21.41475   1.42765   1.42765   0.00000   0.00000   0.00000
   1  19.98710   0.00000   2.85530   0.00000   0.00000   0.00000
   1  21.41475   1.42765   4.28295   0.00000   0.00000   0.00000
   1  19.98710   0.00000   5.71060   0.00000   0.00000   0.00000
   1  21.41475   1.42765   7.13825   0.00000   0.00000   0.00000
   1  19.98710   0.00000   8.56590   0.00000   0.00000   0.00000
   1  21.41475   1.42765   9.99355   0.00000   0.00000   0.00000
   1  19.98710   0.00000  11.42120   0.00000   0.00000   0.00000
   1  21.41475   1.42765  12.84885   0.00000   0.00000   0.00000
   1  19.98710   0.00000  14.27650   0.00000   0.00000   0.00000
   1  21.41475   1.42765  15.70415   0.00000   0.00000   0.00000
   1  19.98710   0.00000  17.13180   0.00000   0.00000   0.00000
   1  21.41475   1.42765  18.55945   0.00000   0.00000   0.00000
   1  19.98710   0.00000  19.98710   0.00000   0.00000   0.00000
   1  21.41475   1.42765  21.41475   0.00000   0.00000   0.00000
   1  19.98710   2.85530   0.00000   0.00000   0.00000   0.00000
   1  21.41475   4.28295   1.42765   0.00000   0.00000   0.00000
   1  19.98710   2.85530   2.85530   0.00000   0.00000   0.00000
   1  21.41475   4.28295   4.28295   0.00000   0.00000   0.00000
   1  19.98710   2.85530   5.71060   0.00000   0.00000   0.00000
   1  21.41475   4.28295   7.13825   0.00000   0.00000   0.00000
   1  19.98710   2.85530   8.56590   0.00000   0.00000   0.00000
   1  21.41475   4.28295   9.99355   0.00000   0.00000   0.00000
   1  19.98710   2.85530  11.42120   0.00000   0.00000   0.00000
   1  21.41475   4.28295  12.84885   0.00000   0.00000   0.00000
   1  19.98710   2.85530  14.27650   0.00000   0.00000   0.00000
   1  21.41475   4.28295  15.70415   0.00000   0.00000   0.00000
   1  19.98710   2.85530  17.13180   0.00000   0.00000   0.00000
   1  21.41475   4.28295  18.55945   0.00000   0.00000   0.00000
   1  19.98710   2.85530  19.98710   0.00000   0.00000   0.00000
   1  21.41475   4.28295  21.41475   0.00000   0.00000   0.00000
   1  19.98710   5.71060   0.00000   0.00000   0.00000   0.00000
   1  21.41475   7.13825   1.42765   0.00000   0.00000   0.00000
   1  19.98710   5.71060   2.85530   0.00000   0.00000   0.00000
   1  21.41475   7.13825   4.28295   0.00000   0.00000   0.00000
   1  19.98710   5.71060   5.71060   0.00000   0.00000   0.00000
   1  21.41475   7.13825   7.13825   0.00000   0.00000   0.00000
   1  19.98710   5.71060   8.56590   0.00000   0.00000   0.00000
   1  21.41475   7.13825   9.99355   0.00000   0.00000   0.00000
   1  19.98710   5.71060  11.42120   0.00000   0.00000   0.00000
   1  21.41475   7.13825  12.84885   0.00000   0.00000   0.00000
   1  19.98710   5.71060  14.27650   0.00000   0.00000   0.00000
   1  21.41475   7.13825  15.70415   0.00000   0.00000   0.00000
   1  19.98710   5.71060  17.13180   0.00000   0.00000   0.00000
   1  21.41475   7.13825  18.55945   0.00000   0.00000   0.00000
   1  19.98710   5.71060  19.98710   0.00000   0.00000   0.00000
   1  21.41475   7.13825  21.41475   0.00000   0.00000   0.00000
   1  19.98710   8.56590   0.00000   0.00000   0.00000   0.00000
   1  21.41475   9.99355   1.42765   0.00000   0.00000   0.00000
   1  19.98710   8.56590   2.85530   0.00000   0.00000   0.00000
   1  21.41475   9.99355   4.28295   0.00000   0.00000   0.00000
   1  19.98710   8.56590   5.71060   0.00000   0.00000   0.00000
   1  21.41475   9.99355   7.13825   0.00000   0.00000   0.00000
   1  19.98710   8.56590   8.56590   0.00000   0.00000   0.00000
   1  21.41475   9.99355   9.99355   0.00000   0.00000   0.00000
   1  19.98710   8.56590  11.42120   0.00000   0.00000   0.00000
   1  21.41475   9.99355  12.84885   0.00000   0.00000   0.00000
   1  19.98710   8.56590  14.27650   0.00000   0.00000   0.00000
   1  21.41475   9.99355  15.70415   0.00000   0.00000   0.00000
   1  19.98710   8.56590  17.13180   0.00000   0.00000   0.00000
   1  21.41475   9.99355  18.55945   0.00000   0.00000   0.00000
   1  19.98710   8.56590  19.98710   0.00000   0.00000   0.00000
   1  21.41475   9.99355  21.41475   0.00000   0.00000   0.00000
   1  19.98710  11.42120   0.00000   0.00000   0.00000   0.00000
   1  21.41475  12.84885   1.42765   0.00000   0.00000   0.00000
   1  19.98710  11.42120   2.85530   0.00000   0.00000   0.00000
   1  21.41475  12.84885   4.28295   0.00000   0.00000   0.00000
   1  19.98710  11.42120   5.71060   0.00000   0.00000   0.00000
   1  21.41475  12.84885   7.13825   0.00000   0.00000   0.00000
   1  19.98710  11.42120   8.56590   0.00000   0.00000   0.00000
   1  21.41475  12.84885   9.99355   0.00000   0.00000   0.00000
   1  19.98710  11.42120  11.42120   0.00000   0.00000   0.00000
   1  21.41475  12.84885  12.84885   0.00000   0.00000   0.00000
   1  19.98710  11.42120  14.27650   0.00000   0.00000   0.00000
   1  21.41475  12.84885  15.70415   0.00000   0.00000   0.00000
   1  19.98710  11.42120  17.13180   0.00000   0.00000   0.00000
   1  21.41475  12.84885  18.55945   0.00000   0.00000   0.00000
   1  19.98710  11.42120  19.98710   0.00000   0.00000   0.00000
   1  21.41475  12.84885  21.41475   0.00000   0.00000   0.00000
   1  19.98710  14.27650   0.00000   0.00000   0.00000   0.00000
   1  21.41475  15.70415   1.42765   0.00000   0.00000   0.00000
   1  19.98710  14.27650   2.85530   0.00000   0.00000   0.00000
   1  21.41475  15.70415   4.28295   0.00000   0.00000   0.00000
   1  19.98710  14.27650   5.71060   0.00000   0.00000   0.00000
   1  21.41475  15.70415   7.13825   0.00000   0.00000   0.00000
   1  19.98710  14.27650   8.56590   0.00000   0.00000   0.00000
   1  21.41475  15.70415   9.99355   0.00000   0.00000   0.00000
   1  19.98710  14.27650  11.42120   0.00000   0.00000   0.00000
   1  21.41475  15.70415  12.84885   0.00000   0.00000   0.00000
   1  19.98710  14.27650  14.27650   0.00000   0.00000   0.00000
   1  21.41475  15.70415  15.70415   0.00000   0.00000   0.00000
   1  19.98710  14.27650  17.13180   0.00000   0.00000   0.00000
   1  21.41475  15.70415  18.55945   0.00000   0.00000   0.00000
   1  19.98710  14.27650  19.98710   0.00000   0.00000   0.00000
   1  21.41475  15.70415  21.41475   0.00000   0.00000   0.00000
   1  19.98710  17.13180   0.00000   0.00000   0.00000   0.00000
   1  21.41475  18.55945   1.42765   0.00000   0.00000   0.00000
   1  19.98710  17.13180   2.85530   0.00000   0.00000   0.00000
   1  21.41475  18.55945   4.28295   0.00000   0.00000   0.00000
   1  19.98710  17.13180   5.71060   0.00000   0.00000   0.00000
   1  21.41475  18.55945   7.13825   0.00000   0.00000   0.00000
   1  19.98710  17.13180   8.56590   0.00000   0.00000   0.00000
   1  21.41475  18.55945   9.99355   0.00000   0.00000   0.00000
   1  19.98710  17.13180  11.42120   0.00000   0.00000   0.00000
   1  21.41475  18.55945  12.84885   0.00000   0.00000   0.00000
   1  19.98710  17.13180  14.27650   0.00000   0.00000   0.00000
   1  21.41475  18.55945  15.70415   0.00000   0.00000   0.00000
   1  19.98710  17.13180  17.13180   0.00000   0.00000   0.00000
   1  21.41475  18.55945  18.55945   0.00000   0.00000   0.00000
   1  19.98710  17.13180  19.98710   0.00000   0.00000   0.00000
   1  21.41475  18.55945  21.41475   0.00000   0.00000   0.00000
   1  19.98710  19.98710   0.00000   0.00000   0.00000   0.00000
   1  21.41475  21.41475   1.42765   0.00000   0.00000   0.00000
   1  19.98710  19.98710   2.85530   0.00000   0.00000   0.00000
   1  21.41475  21.41475   4.28295   0.00000   0.00000   0.00000
   1  19.98710  19.98710   5.71060   0.00000   0.00000   0.00000
   1  21.41475  21.41475   7.13825   0.00000   0.00000   0.00000
   1  19.98710  19.98710   8.56590   0.00000   0.00000   0.00000
   1  21.41475  21.41475   9.99355   0.00000   0.00000   0.00000
   1  19.98710  19.98710  11.42120   0.00000   0.00000   0.00000
   1  21.41475  21.41475  12.84885   0.00000   0.00000   0.00000
   1  19.98710  19.98710  14.27650   0.00000   0.00000   0.00000
   1  21.41475  21.41475  15.70415   0.00000   0.00000   0.00000
   1  19.98710  19.98710  17.13180   0.00000   0.00000   0.00000
   1  21.41475  21.41475  18.55945   0.00000   0.00000   0.00000
   1  19.98710  19.98710  19.98710   0.00000   0.00000   0.00000
   1  21.41475  21.41475  21.41475   0.00000   0.00000   0.00000
