 number of atoms in the unit cell 
         132
 CELLDM= 
   1.00000000000000     
 position of the atoms in the unit cell
       1  0.35691250125885006D+01  0.35691250125885006D+01  0.21414750377655025D+01 1 1 1
       2  0.49967749874114986D+01  0.49967749874114986D+01  0.21414750377655025D+01 1 1 1
       3  0.35691250125885006D+01  0.21414750377655025D+01  0.35691250125885006D+01 1 1 1
       4  0.21414750377655025D+01  0.35691250125885006D+01  0.35691250125885006D+01 1 1 1
       5  0.64244249622344967D+01  0.49967749874114986D+01  0.35691250125885006D+01 1 1 1
       6  0.49967749874114986D+01  0.64244249622344967D+01  0.35691250125885006D+01 1 1 1
       7  0.49967749874114986D+01  0.21414750377655025D+01  0.49967749874114986D+01 1 1 1
       8  0.64244249622344967D+01  0.35691250125885006D+01  0.49967749874114986D+01 1 1 1
       9  0.21414750377655025D+01  0.49967749874114986D+01  0.49967749874114986D+01 1 1 1
      10  0.78520749622344974D+01  0.49967750125885013D+01  0.49967750125885013D+01 1 1 1
      11  0.35691250125885006D+01  0.64244249622344967D+01  0.49967749874114986D+01 1 1 1
      12  0.49967750125885013D+01  0.78520749622344974D+01  0.49967750125885013D+01 1 1 1
      13  0.49967749874114986D+01  0.35691250125885006D+01  0.64244249622344967D+01 1 1 1
      14  0.35691250125885006D+01  0.49967749874114986D+01  0.64244249622344967D+01 1 1 1
      15  0.78520749622344974D+01  0.64244249874114994D+01  0.64244249874114994D+01 1 1 1
      16  0.64244249874114994D+01  0.78520749622344974D+01  0.64244249874114994D+01 1 1 1
      17  0.49967750125885013D+01  0.49967750125885013D+01  0.78520749622344974D+01 1 1 1
      18  0.64244249874114994D+01  0.64244249874114994D+01  0.78520749622344974D+01 1 1 1
      19  0.00000000000000000D+00  0.85658999999999992D+01  0.28553000000000002D+01 1 1 1
      20  0.71382500000000002D+01  0.42829499999999996D+01  0.14276500000000001D+01 1 1 1
      21  0.00000000000000000D+00  0.00000000000000000D+00  0.00000000000000000D+00 1 1 1
      22  0.14276500000000001D+01  0.14276500000000001D+01  0.14276500000000001D+01 1 1 1
      23  0.00000000000000000D+00  0.00000000000000000D+00  0.28553000000000002D+01 1 1 1
      24  0.14276500000000001D+01  0.14276500000000001D+01  0.42829499999999996D+01 1 1 1
      25  0.00000000000000000D+00  0.00000000000000000D+00  0.57106000000000003D+01 1 1 1
      26  0.14276500000000001D+01  0.14276500000000001D+01  0.71382500000000002D+01 1 1 1
      27  0.00000000000000000D+00  0.00000000000000000D+00  0.85658999999999992D+01 1 1 1
      28  0.14276500000000001D+01  0.14276500000000001D+01  0.99935500000000008D+01 1 1 1
      29  0.00000000000000000D+00  0.28553000000000002D+01  0.00000000000000000D+00 1 1 1
      30  0.14276500000000001D+01  0.42829499999999996D+01  0.14276500000000001D+01 1 1 1
      31  0.00000000000000000D+00  0.28553000000000002D+01  0.28553000000000002D+01 1 1 1
      32  0.00000000000000000D+00  0.28553000000000002D+01  0.57106000000000003D+01 1 1 1
      33  0.14276500000000001D+01  0.42829499999999996D+01  0.71382500000000002D+01 1 1 1
      34  0.00000000000000000D+00  0.28553000000000002D+01  0.85658999999999992D+01 1 1 1
      35  0.14276500000000001D+01  0.42829499999999996D+01  0.99935500000000008D+01 1 1 1
      36  0.00000000000000000D+00  0.57106000000000003D+01  0.00000000000000000D+00 1 1 1
      37  0.14276500000000001D+01  0.71382500000000002D+01  0.14276500000000001D+01 1 1 1
      38  0.00000000000000000D+00  0.57106000000000003D+01  0.28553000000000002D+01 1 1 1
      39  0.14276500000000001D+01  0.71382500000000002D+01  0.42829499999999996D+01 1 1 1
      40  0.00000000000000000D+00  0.57106000000000003D+01  0.57106000000000003D+01 1 1 1
      41  0.14276500000000001D+01  0.71382500000000002D+01  0.71382500000000002D+01 1 1 1
      42  0.00000000000000000D+00  0.57106000000000003D+01  0.85658999999999992D+01 1 1 1
      43  0.14276500000000001D+01  0.71382500000000002D+01  0.99935500000000008D+01 1 1 1
      44  0.00000000000000000D+00  0.85658999999999992D+01  0.00000000000000000D+00 1 1 1
      45  0.14276500000000001D+01  0.99935500000000008D+01  0.14276500000000001D+01 1 1 1
      46  0.00000000000000000D+00  0.85658999999999992D+01  0.28553000000000002D+01 1 1 1
      47  0.14276500000000001D+01  0.99935500000000008D+01  0.42829499999999996D+01 1 1 1
      48  0.00000000000000000D+00  0.85658999999999992D+01  0.57106000000000003D+01 1 1 1
      49  0.14276500000000001D+01  0.99935500000000008D+01  0.71382500000000002D+01 1 1 1
      50  0.00000000000000000D+00  0.85658999999999992D+01  0.85658999999999992D+01 1 1 1
      51  0.14276500000000001D+01  0.99935500000000008D+01  0.99935500000000008D+01 1 1 1
      52  0.28553000000000002D+01  0.00000000000000000D+00  0.00000000000000000D+00 1 1 1
      53  0.42829499999999996D+01  0.14276500000000001D+01  0.14276500000000001D+01 1 1 1
      54  0.28553000000000002D+01  0.00000000000000000D+00  0.28553000000000002D+01 1 1 1
      55  0.28553000000000002D+01  0.00000000000000000D+00  0.57106000000000003D+01 1 1 1
      56  0.42829499999999996D+01  0.14276500000000001D+01  0.71382500000000002D+01 1 1 1
      57  0.28553000000000002D+01  0.00000000000000000D+00  0.85658999999999992D+01 1 1 1
      58  0.42829499999999996D+01  0.14276500000000001D+01  0.99935500000000008D+01 1 1 1
      59  0.28553000000000002D+01  0.28553000000000002D+01  0.00000000000000000D+00 1 1 1
      60  0.28553000000000002D+01  0.28553000000000002D+01  0.57106000000000003D+01 1 1 1
      61  0.28553000000000002D+01  0.28553000000000002D+01  0.85658999999999992D+01 1 1 1
      62  0.42829499999999996D+01  0.42829499999999996D+01  0.99935500000000008D+01 1 1 1
      63  0.28553000000000002D+01  0.57106000000000003D+01  0.00000000000000000D+00 1 1 1
      64  0.42829499999999996D+01  0.71382500000000002D+01  0.14276500000000001D+01 1 1 1
      65  0.28553000000000002D+01  0.57106000000000003D+01  0.28553000000000002D+01 1 1 1
      66  0.42829499999999996D+01  0.71382500000000002D+01  0.71382500000000002D+01 1 1 1
      67  0.28553000000000002D+01  0.57106000000000003D+01  0.85658999999999992D+01 1 1 1
      68  0.42829499999999996D+01  0.71382500000000002D+01  0.99935500000000008D+01 1 1 1
      69  0.28553000000000002D+01  0.85658999999999992D+01  0.00000000000000000D+00 1 1 1
      70  0.42829499999999996D+01  0.99935500000000008D+01  0.14276500000000001D+01 1 1 1
      71  0.28553000000000002D+01  0.85658999999999992D+01  0.28553000000000002D+01 1 1 1
      72  0.42829499999999996D+01  0.99935500000000008D+01  0.42829499999999996D+01 1 1 1
      73  0.28553000000000002D+01  0.85658999999999992D+01  0.57106000000000003D+01 1 1 1
      74  0.42829499999999996D+01  0.99935500000000008D+01  0.71382500000000002D+01 1 1 1
      75  0.28553000000000002D+01  0.85658999999999992D+01  0.85658999999999992D+01 1 1 1
      76  0.42829499999999996D+01  0.99935500000000008D+01  0.99935500000000008D+01 1 1 1
      77  0.57106000000000003D+01  0.00000000000000000D+00  0.00000000000000000D+00 1 1 1
      78  0.71382500000000002D+01  0.14276500000000001D+01  0.14276500000000001D+01 1 1 1
      79  0.57106000000000003D+01  0.00000000000000000D+00  0.28553000000000002D+01 1 1 1
      80  0.71382500000000002D+01  0.14276500000000001D+01  0.42829499999999996D+01 1 1 1
      81  0.57106000000000003D+01  0.00000000000000000D+00  0.57106000000000003D+01 1 1 1
      82  0.71382500000000002D+01  0.14276500000000001D+01  0.71382500000000002D+01 1 1 1
      83  0.57106000000000003D+01  0.00000000000000000D+00  0.85658999999999992D+01 1 1 1
      84  0.71382500000000002D+01  0.14276500000000001D+01  0.99935500000000008D+01 1 1 1
      85  0.57106000000000003D+01  0.28553000000000002D+01  0.00000000000000000D+00 1 1 1
      86  0.71382500000000002D+01  0.42829499999999996D+01  0.14276500000000001D+01 1 1 1
      87  0.57106000000000003D+01  0.28553000000000002D+01  0.28553000000000002D+01 1 1 1
      88  0.71382500000000002D+01  0.42829499999999996D+01  0.71382500000000002D+01 1 1 1
      89  0.57106000000000003D+01  0.28553000000000002D+01  0.85658999999999992D+01 1 1 1
      90  0.71382500000000002D+01  0.42829499999999996D+01  0.99935500000000008D+01 1 1 1
      91  0.57106000000000003D+01  0.57106000000000003D+01  0.00000000000000000D+00 1 1 1
      92  0.71382500000000002D+01  0.71382500000000002D+01  0.14276500000000001D+01 1 1 1
      93  0.71382500000000002D+01  0.71382500000000002D+01  0.42829499999999996D+01 1 1 1
      94  0.71382500000000002D+01  0.71382500000000002D+01  0.99935500000000008D+01 1 1 1
      95  0.57106000000000003D+01  0.85658999999999992D+01  0.00000000000000000D+00 1 1 1
      96  0.71382500000000002D+01  0.99935500000000008D+01  0.14276500000000001D+01 1 1 1
      97  0.57106000000000003D+01  0.85658999999999992D+01  0.28553000000000002D+01 1 1 1
      98  0.71382500000000002D+01  0.99935500000000008D+01  0.42829499999999996D+01 1 1 1
      99  0.71382500000000002D+01  0.99935500000000008D+01  0.71382500000000002D+01 1 1 1
     100  0.57106000000000003D+01  0.85658999999999992D+01  0.85658999999999992D+01 1 1 1
     101  0.71382500000000002D+01  0.99935500000000008D+01  0.99935500000000008D+01 1 1 1
     102  0.85658999999999992D+01  0.00000000000000000D+00  0.00000000000000000D+00 1 1 1
     103  0.99935500000000008D+01  0.14276500000000001D+01  0.14276500000000001D+01 1 1 1
     104  0.85658999999999992D+01  0.00000000000000000D+00  0.28553000000000002D+01 1 1 1
     105  0.99935500000000008D+01  0.14276500000000001D+01  0.42829499999999996D+01 1 1 1
     106  0.85658999999999992D+01  0.00000000000000000D+00  0.57106000000000003D+01 1 1 1
     107  0.99935500000000008D+01  0.14276500000000001D+01  0.71382500000000002D+01 1 1 1
     108  0.85658999999999992D+01  0.00000000000000000D+00  0.85658999999999992D+01 1 1 1
     109  0.99935500000000008D+01  0.14276500000000001D+01  0.99935500000000008D+01 1 1 1
     110  0.85658999999999992D+01  0.28553000000000002D+01  0.00000000000000000D+00 1 1 1
     111  0.99935500000000008D+01  0.42829499999999996D+01  0.14276500000000001D+01 1 1 1
     112  0.85658999999999992D+01  0.28553000000000002D+01  0.28553000000000002D+01 1 1 1
     113  0.99935500000000008D+01  0.42829499999999996D+01  0.42829499999999996D+01 1 1 1
     114  0.85658999999999992D+01  0.28553000000000002D+01  0.57106000000000003D+01 1 1 1
     115  0.99935500000000008D+01  0.42829499999999996D+01  0.71382500000000002D+01 1 1 1
     116  0.85658999999999992D+01  0.28553000000000002D+01  0.85658999999999992D+01 1 1 1
     117  0.99935500000000008D+01  0.42829499999999996D+01  0.99935500000000008D+01 1 1 1
     118  0.85658999999999992D+01  0.57106000000000003D+01  0.00000000000000000D+00 1 1 1
     119  0.99935500000000008D+01  0.71382500000000002D+01  0.14276500000000001D+01 1 1 1
     120  0.85658999999999992D+01  0.57106000000000003D+01  0.28553000000000002D+01 1 1 1
     121  0.99935500000000008D+01  0.71382500000000002D+01  0.42829499999999996D+01 1 1 1
     122  0.99935500000000008D+01  0.71382500000000002D+01  0.71382500000000002D+01 1 1 1
     123  0.85658999999999992D+01  0.57106000000000003D+01  0.85658999999999992D+01 1 1 1
     124  0.99935500000000008D+01  0.71382500000000002D+01  0.99935500000000008D+01 1 1 1
     125  0.85658999999999992D+01  0.85658999999999992D+01  0.00000000000000000D+00 1 1 1
     126  0.99935500000000008D+01  0.99935500000000008D+01  0.14276500000000001D+01 1 1 1
     127  0.85658999999999992D+01  0.85658999999999992D+01  0.28553000000000002D+01 1 1 1
     128  0.99935500000000008D+01  0.99935500000000008D+01  0.42829499999999996D+01 1 1 1
     129  0.85658999999999992D+01  0.85658999999999992D+01  0.57106000000000003D+01 1 1 1
     130  0.99935500000000008D+01  0.99935500000000008D+01  0.71382500000000002D+01 1 1 1
     131  0.85658999999999992D+01  0.85658999999999992D+01  0.85658999999999992D+01 1 1 1
     132  0.99935500000000008D+01  0.99935500000000008D+01  0.99935500000000008D+01 1 1 1
